{
 "cells": [
  {
   "cell_type": "code",
   "execution_count": 58,
   "id": "d32113e5",
   "metadata": {},
   "outputs": [],
   "source": [
    "import numpy as np"
   ]
  },
  {
   "cell_type": "code",
   "execution_count": 59,
   "id": "90ad3364",
   "metadata": {},
   "outputs": [
    {
     "name": "stdout",
     "output_type": "stream",
     "text": [
      "[[  0   1   2   3   4   5   6   7   8   9  10  11  12  13  14  15  16  17\n",
      "   18  19  20  21  22  23  24  25  26  27  28  29  30  31  32  33  34  35\n",
      "   36  37  38  39  40  41  42  43  44  45  46  47  48  49]\n",
      " [150 151 152 153 154 155 156 157 158 159 160 161 162 163 164 165 166 167\n",
      "  168 169 170 171 172 173 174 175 176 177 178 179 180 181 182 183 184 185\n",
      "  186 187 188 189 190 191 192 193 194 195 196 197 198 199]\n",
      " [300 301 302 303 304 305 306 307 308 309 310 311 312 313 314 315 316 317\n",
      "  318 319 320 321 322 323 324 325 326 327 328 329 330 331 332 333 334 335\n",
      "  336 337 338 339 340 341 342 343 344 345 346 347 348 349]\n",
      " [450 451 452 453 454 455 456 457 458 459 460 461 462 463 464 465 466 467\n",
      "  468 469 470 471 472 473 474 475 476 477 478 479 480 481 482 483 484 485\n",
      "  486 487 488 489 490 491 492 493 494 495 496 497 498 499]\n",
      " [600 601 602 603 604 605 606 607 608 609 610 611 612 613 614 615 616 617\n",
      "  618 619 620 621 622 623 624 625 626 627 628 629 630 631 632 633 634 635\n",
      "  636 637 638 639 640 641 642 643 644 645 646 647 648 649]\n",
      " [750 751 752 753 754 755 756 757 758 759 760 761 762 763 764 765 766 767\n",
      "  768 769 770 771 772 773 774 775 776 777 778 779 780 781 782 783 784 785\n",
      "  786 787 788 789 790 791 792 793 794 795 796 797 798 799]\n",
      " [900 901 902 903 904 905 906 907 908 909 910 911 912 913 914 915 916 917\n",
      "  918 919 920 921 922 923 924 925 926 927 928 929 930 931 932 933 934 935\n",
      "  936 937 938 939 940 941 942 943 944 945 946 947 948 949]]\n",
      "\n",
      "[[ 40  41  42  43  44  45  46  47  48  49]\n",
      " [ 90  91  92  93  94  95  96  97  98  99]\n",
      " [140 141 142 143 144 145 146 147 148 149]\n",
      " [190 191 192 193 194 195 196 197 198 199]\n",
      " [240 241 242 243 244 245 246 247 248 249]\n",
      " [290 291 292 293 294 295 296 297 298 299]\n",
      " [340 341 342 343 344 345 346 347 348 349]\n",
      " [390 391 392 393 394 395 396 397 398 399]\n",
      " [440 441 442 443 444 445 446 447 448 449]\n",
      " [490 491 492 493 494 495 496 497 498 499]\n",
      " [540 541 542 543 544 545 546 547 548 549]\n",
      " [590 591 592 593 594 595 596 597 598 599]\n",
      " [640 641 642 643 644 645 646 647 648 649]\n",
      " [690 691 692 693 694 695 696 697 698 699]\n",
      " [740 741 742 743 744 745 746 747 748 749]\n",
      " [790 791 792 793 794 795 796 797 798 799]\n",
      " [840 841 842 843 844 845 846 847 848 849]\n",
      " [890 891 892 893 894 895 896 897 898 899]\n",
      " [940 941 942 943 944 945 946 947 948 949]\n",
      " [990 991 992 993 994 995 996 997 998 999]]\n",
      "\n",
      "[  0   7  14  21  28  35  42  49  56  63  70  77  84  91  98 105 112 119\n",
      " 126 133 140 147 154 161 168 175 182 189 196 203 210 217 224 231 238 245\n",
      " 252 259 266 273 280 287 294 301 308 315 322 329 336 343 350 357 364 371\n",
      " 378 385 392 399 406 413 420 427 434 441 448 455 462 469 476 483 490 497\n",
      " 504 511 518 525 532 539 546 553 560 567 574 581 588 595 602 609 616 623\n",
      " 630 637 644 651 658 665 672 679 686 693 700 707 714 721 728 735 742 749\n",
      " 756 763 770 777 784 791 798 805 812 819 826 833 840 847 854 861 868 875\n",
      " 882 889 896 903 910 917 924 931 938 945 952 959 966 973 980 987 994]\n",
      "[[  0   1   2   3   4   5   6   7   8   9  10  11  12  13  14  15  16  17\n",
      "   18  19  20  21  22  23  24  25  26  27  28  29  30  31  32  33  34  35\n",
      "   36  37  38  39  40  41  42  43  44  45  46  47  48  49]\n",
      " [ 50  51  52  53  54  55  56  57  58  59  60  61  62  63  64  65  66  67\n",
      "   68  69  70  71  72  73  74  75  76  77  78  79  80  81  82  83  84  85\n",
      "   86  87  88  89  90  91  92  93  94  95  96  97  98  99]\n",
      " [100 101 102 103 104 105 106 107 108 109 110 111 112 113 114 115 116 117\n",
      "  118 119 120 121 122 123 124 125 126 127 128 129 130 131 132 133 134 135\n",
      "  136 137 138 139 140 141 142 143 144 145 146 147 148 149]\n",
      " [150 151 152 153 154 155 156 157 158 159 160 161 162 163 164 165 166 167\n",
      "  168 169 170 171 172 173 174 175 176 177 178 179 180 181 182 183 184 185\n",
      "  186 187 188 189 190 191 192 193 194 195 196 197 198 199]\n",
      " [200 201 202 203 204 205 206 207 208 209 210 211 212 213 214 215 216 217\n",
      "  218 219 220 221 222 223 224 225 226 227 228 229 230 231 232 233 234 235\n",
      "  236 237 238 239 240 241 242 243 244 245 246 247 248 249]\n",
      " [250 251 252 253 254 255 256 257 258 259 260 261 262 263 264 265 266 267\n",
      "  268 269 270 271 272 273 274 275 276 277 278 279 280 281 282 283 284 285\n",
      "  286 287 288 289 290 291 292 293 294 295 296 297 298 299]\n",
      " [300 301 302 303 304 305 306 307 308 309 310 311 312 313 314 315 316 317\n",
      "  318 319 320 321 322 323 324 325 326 327 328 329 330 331 332 333 334 335\n",
      "  336 337 338 339 340 341 342 343 344 345 346 347 348 349]\n",
      " [350 351 352 353 354 355 356 357 358 359 360 361 362 363 364 365 366 367\n",
      "  368 369 370 371 372 373 374 375 376 377 378 379 380 381 382 383 384 385\n",
      "  386 387 388 389 390 391 392 393 394 395 396 397 398 399]\n",
      " [400 401 402 403 404 405 406 407 408 409 410 411 412 413 414 415 416 417\n",
      "  418 419 420 421 422 423 424 425 426 427 428 429 430 431 432 433 434 435\n",
      "  436 437 438 439 440 441 442 443 444 445 446 447 448 449]\n",
      " [450 451 452 453 454 455 456 457 458 459 460 461 462 463 464 465 466 467\n",
      "  468 469 470 471 472 473 474 475 476 477 478 479 480 481 482 483 484 485\n",
      "  486 487 488 489 490 491 492 493 494 495 496 497 498 499]\n",
      " [500 501 502 503 504 505 506 507 508 509 510 511 512 513 514 515 516 517\n",
      "  518 519 520 521 522 523 524 525 526 527 528 529 530 531 532 533 534 535\n",
      "  536 537 538 539 540 541 542 543 544 545 546 547 548 549]\n",
      " [550 551 552 553 554 555 556 557 558 559 560 561 562 563 564 565 566 567\n",
      "  568 569 570 571 572 573 574 575 576 577 578 579 580 581 582 583 584 585\n",
      "  586 587 588 589 590 591 592 593 594 595 596 597 598 599]\n",
      " [600 601 602 603 604 605 606 607 608 609 610 611 612 613 614 615 616 617\n",
      "  618 619 620 621 622 623 624 625 626 627 628 629 630 631 632 633 634 635\n",
      "  636 637 638 639 640 641 642 643 644 645 646 647 648 649]\n",
      " [650 651 652 653 654 655 656 657 658 659 660 661 662 663 664 665 666 667\n",
      "  668 669 670 671 672 673 674 675 676 677 678 679 680 681 682 683 684 685\n",
      "  686 687 688 689 690 691 692 693 694 695 696 697 698 699]\n",
      " [700 701 702 703 704 705 706 707 708 709 710 711 712 713 714 715 716 717\n",
      "  718 719 720 721 722 723 724 725 726 727 728 729 730 731 732 733 734 735\n",
      "  736 737 738 739 740 741 742 743 744 745 746 747 748 749]\n",
      " [750 751 752 753 754 755 756 757 758 759 760 761 762 763 764 765 766 767\n",
      "  768 769 770 771 772 773 774 775 776 777 778 779 780 781 782 783 784 785\n",
      "  786 787 788 789 790 791 792 793 794 795 796 797 798 799]\n",
      " [800 801 802 803 804 805 806 807 808 809 810 811 812 813 814 815 816 817\n",
      "  818 819 820 821 822 823 824 825 826 827 828 829 830 831 832 833 834 835\n",
      "  836 837 838 839 840 841 842 843 844 845 846 847 848 849]\n",
      " [850 851 852 853 854 855 856 857 858 859 860 861 862 863 864 865 866 867\n",
      "  868 869 870 871 872 873 874 875 876 877 878 879 880 881 882 883 884 885\n",
      "  886 887 888 889 890 891 892 893 894 895 896 897 898 899]\n",
      " [900  -1  -1  -1  -1  -1  -1  -1  -1  -1  -1  -1  -1  -1  -1  -1  -1  -1\n",
      "   -1  -1  -1  -1  -1  -1  -1  -1  -1  -1  -1  -1  -1  -1  -1  -1  -1  -1\n",
      "   -1  -1  -1  -1  -1  -1  -1  -1  -1  -1  -1  -1  -1  -1]\n",
      " [ -1  -1  -1  -1  -1  -1  -1  -1  -1  -1  -1  -1  -1  -1  -1  -1  -1  -1\n",
      "   -1  -1  -1  -1  -1  -1  -1  -1  -1  -1  -1  -1  -1  -1  -1  -1  -1  -1\n",
      "   -1  -1  -1  -1  -1  -1  -1  -1  -1  -1  -1  -1  -1  -1]]\n",
      "\n",
      "[  0   1   2   3   4   5   6   7   8   9  10  11  12  13  14  15  16  17\n",
      "  18  19  20  21  22  23  24  25  26  27  28  29  30  31  32  33  34  35\n",
      "  36  37  38  39  40  41  42  43  44  45  46  47  48  49  50  51  52  53\n",
      "  54  55  56  57  58  59  60  61  62  63  64  65  66  67  68  69  70  71\n",
      "  72  73  74  75  76  77  78  79  80  81  82  83  84  85  86  87  88  89\n",
      "  90  91  92  93  94  95  96  97  98  99 100 101 102 103 104 105 106 107\n",
      " 108 109 110 111 112 113 114 115 116 117 118 119 120 121 122 123 124 125\n",
      " 126 127 128 129 130 131 132 133 134 135 136 137 138 139 140 141 142 143\n",
      " 144 145 146 147 148 149 150 151 152 153 154 155 156 157 158 159 160 161\n",
      " 162 163 164 165 166 167 168 169 170 171 172 173 174 175 176 177 178 179\n",
      " 180 181 182 183 184 185 186 187 188 189 190 191 192 193 194 195 196 197\n",
      " 198 199 200 201 202 203 204 205 206 207 208 209 210 211 212 213 214 215\n",
      " 216 217 218 219 220 221 222 223 224 225 226 227 228 229 230 231 232 233\n",
      " 234 235 236 237 238 239 240 241 242 243 244 245 246 247 248 249 250 251\n",
      " 252 253 254 255 256 257 258 259 260 261 262 263 264 265 266 267 268 269\n",
      " 270 271 272 273 274 275 276 277 278 279 280 281 282 283 284 285 286 287\n",
      " 288 289 290 291 292 293 294 295 296 297 298 299 300 301 302 303 304 305\n",
      " 306 307 308 309 310 311 312 313 314 315 316 317 318 319 320 321 322 323\n",
      " 324 325 326 327 328 329 330 331 332 333 334 335 336 337 338 339 340 341\n",
      " 342 343 344 345 346 347 348 349 350 351 352 353 354 355 356 357 358 359\n",
      " 360 361 362 363 364 365 366 367 368 369 370 371 372 373 374 375 376 377\n",
      " 378 379 380 381 382 383 384 385 386 387 388 389 390 391 392 393 394 395\n",
      " 396 397 398 399 400 401 402 403 404 405 406 407 408 409 410 411 412 413\n",
      " 414 415 416 417 418 419 420 421 422 423 424 425 426 427 428 429 430 431\n",
      " 432 433 434 435 436 437 438 439 440 441 442 443 444 445 446 447 448 449\n",
      " 450 451 452 453 454 455 456 457 458 459 460 461 462 463 464 465 466 467\n",
      " 468 469 470 471 472 473 474 475 476 477 478 479 480 481 482 483 484 485\n",
      " 486 487 488 489 490 491 492 493 494 495 496 497 498 499 500 501 502 503\n",
      " 504 505 506 507 508 509 510 511 512 513 514 515 516 517 518 519 520 521\n",
      " 522 523 524 525 526 527 528 529 530 531 532 533 534 535 536 537 538 539\n",
      " 540 541 542 543 544 545 546 547 548 549 550 551 552 553 554 555 556 557\n",
      " 558 559 560 561 562 563 564 565 566 567 568 569 570 571 572 573 574 575\n",
      " 576 577 578 579 580 581 582 583 584 585 586 587 588 589 590 591 592 593\n",
      " 594 595 596 597 598 599 600 601 602 603 604 605 606 607 608 609 610 611\n",
      " 612 613 614 615 616 617 618 619 620 621 622 623 624 625 626 627 628 629\n",
      " 630 631 632 633 634 635 636 637 638 639 640 641 642 643 644 645 646 647\n",
      " 648 649 650 651 652 653 654 655 656 657 658 659 660 661 662 663 664 665\n",
      " 666 667 668 669 670 671 672 673 674 675 676 677 678 679 680 681 682 683\n",
      " 684 685 686 687 688 689 690 691 692 693 694 695 696 697 698 699 700 701\n",
      " 702 703 704 705 706 707 708 709 710 711 712 713 714 715 716 717 718 719\n",
      " 720 721 722 723 724 725 726 727 728 729 730 731 732 733 734 735 736 737\n",
      " 738 739 740 741 742 743 744 745 746 747 748 749 750 751 752 753 754 755\n",
      " 756 757 758 759 760 761 762 763 764 765 766 767 768 769 770 771 772 773\n",
      " 774 775 776 777 778 779 780 781 782 783 784 785 786 787 788 789 790 791\n",
      " 792 793 794 795 796 797 798 799 800 801 802 803 804 805 806 807 808 809\n",
      " 810 811 812 813 814 815 816 817 818 819 820 821 822 823 824 825 826 827\n",
      " 828 829 830 831 832 833 834 835 836 837 838 839 840 841 842 843 844 845\n",
      " 846 847 848 849 850 851 852 853 854 855 856 857 858 859 860 861 862 863\n",
      " 864 865 866 867 868 869 870 871 872 873 874 875 876 877 878 879 880 881\n",
      " 882 883 884 885 886 887 888 889 890 891 892 893 894 895 896 897 898 899\n",
      " 900  -1  -1  -1  -1  -1  -1  -1  -1  -1  -1  -1  -1  -1  -1  -1  -1  -1\n",
      "  -1  -1  -1  -1  -1  -1  -1  -1  -1  -1  -1  -1  -1  -1  -1  -1  -1  -1\n",
      "  -1  -1  -1  -1  -1  -1  -1  -1  -1  -1  -1  -1  -1  -1  -1  -1  -1  -1\n",
      "  -1  -1  -1  -1  -1  -1  -1  -1  -1  -1  -1  -1  -1  -1  -1  -1  -1  -1\n",
      "  -1  -1  -1  -1  -1  -1  -1  -1  -1  -1  -1  -1  -1  -1  -1  -1  -1  -1\n",
      "  -1  -1  -1  -1  -1  -1  -1  -1  -1  -1]\n"
     ]
    }
   ],
   "source": [
    "import numpy as np\n",
    "# 1.\n",
    "a=np.arange(0,1000).reshape(20,50)\n",
    "print(f\"{a[0::3]}\\n\\n{a[:,-10:]}\\n\\n{a[a%7==0]}\")\n",
    "a[a>900]=-1\n",
    "print(f\"{a}\\n\\n{a.flatten()}\")\n",
    "\n"
   ]
  },
  {
   "cell_type": "code",
   "execution_count": null,
   "id": "fc5d790d",
   "metadata": {},
   "outputs": [],
   "source": [
    "# 2.\n",
    "A=np.random.randint(0,100,(200,5))\n",
    "B=np.random.randint(-5,6,(1,5))\n",
    "print(f\"{A}\\n\\n{B}\")\n",
    "A_norm=(A-A.mean(axis=0))/A.std(axis=0)\n",
    "print(f\"\\n\\n{A_norm}\")\n",
    "A_BONUS=A_norm+B\n",
    "print(f\"\\n\\n{A_BONUS}\")\n",
    "mean_per_subject=A_BONUS.mean(axis=0)\n",
    "std_per_subject=A_BONUS.std(axis=0)\n",
    "\n",
    "print(f\"\\n\\n{mean_per_subject}\\n\\n{std_per_subject}\\n\\n{A_BONUS.max(axis=0)}\\n\\n{A_BONUS.min(axis=0)}\\n\\n\")\n",
    "\n",
    "count=(A_BONUS > (mean_per_subject+1.5*std_per_subject)).sum(axis=0)\n",
    "print(count)\n",
    "A_final=np.clip(A_BONUS,-2,+2)\n",
    "print(f\"\\n\\n{A_final}\")"
   ]
  },
  {
   "cell_type": "code",
   "execution_count": 96,
   "id": "3f834352",
   "metadata": {},
   "outputs": [
    {
     "name": "stdout",
     "output_type": "stream",
     "text": [
      "[[0.67243893 0.54781889 0.9940333  ... 0.08663636 0.13801895 0.14946265]\n",
      " [0.34884154 0.62657352 0.10403508 ... 0.43403661 0.37346382 0.03745854]\n",
      " [0.08555074 0.31019212 0.16823618 ... 0.0013435  0.77340807 0.24544684]\n",
      " ...\n",
      " [0.26558711 0.91403644 0.11071226 ... 0.6048245  0.79334841 0.80012539]\n",
      " [0.27765798 0.82925463 0.14374701 ... 0.85371268 0.91643626 0.59536662]\n",
      " [0.08114612 0.84054575 0.87059798 ... 0.00369905 0.31869128 0.64422773]]\n",
      "\n",
      "\n",
      "[[ 0.16154943  0.04230183  0.49248504 ... -0.42083444 -0.35507103\n",
      "  -0.34873054]\n",
      " [-0.16204796  0.12105646 -0.39751317 ... -0.07343419 -0.11962616\n",
      "  -0.46073465]\n",
      " [-0.42533877 -0.19532495 -0.33331208 ... -0.5061273   0.28031809\n",
      "  -0.25274635]\n",
      " ...\n",
      " [-0.2453024   0.40851937 -0.390836   ...  0.09735371  0.30025843\n",
      "   0.30193221]\n",
      " [-0.23323152  0.32373757 -0.35780125 ...  0.34624188  0.42334628\n",
      "   0.09717343]\n",
      " [-0.42974339  0.33502868  0.36904972 ... -0.50377175 -0.1743987\n",
      "   0.14603454]]\n",
      "\n",
      "\n",
      "[[ 8.56452801e-02 -3.21492739e-03 -2.28453725e-03 -5.23083551e-03\n",
      "   5.70983258e-03  2.55996866e-03  2.12303323e-03  1.77966540e-03\n",
      "   3.37440412e-03 -1.23983839e-03  8.06453007e-04  3.09771181e-03\n",
      "   3.36006417e-03  3.95093180e-03  3.47090643e-03 -2.80622301e-04\n",
      "  -4.37802627e-03  2.59246550e-03  1.81899672e-03 -3.89801485e-03]\n",
      " [-3.21492739e-03  8.26290708e-02 -5.82004948e-03  4.65948925e-03\n",
      "  -8.55083110e-04 -2.15676412e-04 -3.37327691e-03 -4.56133663e-03\n",
      "   1.61674044e-04  7.88568451e-04  4.71772186e-03 -5.79160638e-04\n",
      "  -2.58784553e-03 -1.98458462e-03 -5.45519055e-03  4.20897118e-03\n",
      "  -1.30372250e-03  3.84631797e-03 -1.02251484e-03  6.18669405e-03]\n",
      " [-2.28453725e-03 -5.82004948e-03  8.07601335e-02  1.03736348e-03\n",
      "  -4.01278102e-03 -2.58782496e-03  2.26124259e-03  5.97872773e-03\n",
      "   1.46113476e-05 -6.79954825e-04 -5.29308352e-03  1.37446162e-03\n",
      "  -3.01608288e-03  9.30715346e-04 -1.99017466e-03 -8.03165379e-03\n",
      "   1.98531253e-03  1.84710635e-03  1.55851106e-03 -5.99506341e-03]\n",
      " [-5.23083551e-03  4.65948925e-03  1.03736348e-03  8.44492436e-02\n",
      "  -5.90778686e-03  1.53581122e-03 -3.48502953e-03  2.91214661e-03\n",
      "   5.03477338e-03  1.92587142e-03 -5.18318611e-03 -6.01887657e-04\n",
      "   2.86917621e-04  3.46392640e-03 -3.09161645e-03 -5.72092599e-04\n",
      "   3.68229461e-03 -1.76104406e-03  1.99071632e-03  5.78231397e-03]\n",
      " [ 5.70983258e-03 -8.55083110e-04 -4.01278102e-03 -5.90778686e-03\n",
      "   8.80716922e-02  8.23076541e-03  3.12224766e-04 -8.81188284e-03\n",
      "  -7.94268781e-03  5.61952037e-04  2.64047898e-03 -3.79149258e-03\n",
      "   6.39935338e-03  9.64017175e-04  7.83522084e-03 -6.66892297e-04\n",
      "  -6.32116504e-04 -4.66484163e-03 -2.39760317e-03  1.57833684e-03]\n",
      " [ 2.55996866e-03 -2.15676412e-04 -2.58782496e-03  1.53581122e-03\n",
      "   8.23076541e-03  8.09601720e-02  1.50453259e-04 -3.15793114e-04\n",
      "  -3.63568481e-03  2.87643033e-03  6.72389377e-04 -6.15131285e-03\n",
      "  -2.62281120e-03  4.45378136e-03 -8.47381039e-04 -7.01821046e-04\n",
      "  -2.40787409e-03  7.66630795e-03 -9.79882519e-05 -4.37268680e-03]\n",
      " [ 2.12303323e-03 -3.37327691e-03  2.26124259e-03 -3.48502953e-03\n",
      "   3.12224766e-04  1.50453259e-04  8.54673518e-02  3.44970579e-03\n",
      "  -1.21683149e-03 -3.21504917e-03  5.06372772e-03  2.98580046e-03\n",
      "  -1.44340036e-03 -8.64103767e-03  3.67809670e-03  8.20590475e-03\n",
      "   9.17124182e-04 -2.89729518e-03  1.66623942e-03 -1.06218567e-03]\n",
      " [ 1.77966540e-03 -4.56133663e-03  5.97872773e-03  2.91214661e-03\n",
      "  -8.81188284e-03 -3.15793114e-04  3.44970579e-03  8.02628565e-02\n",
      "   7.16295498e-04  3.23189944e-03 -2.39945803e-03  8.39977000e-03\n",
      "   4.28681733e-03  8.72554395e-03  1.93296656e-03 -2.59393606e-03\n",
      "   1.14362007e-03 -4.43308885e-03  7.96695183e-04  2.24284022e-03]\n",
      " [ 3.37440412e-03  1.61674044e-04  1.46113476e-05  5.03477338e-03\n",
      "  -7.94268781e-03 -3.63568481e-03 -1.21683149e-03  7.16295498e-04\n",
      "   8.72317803e-02  2.03882380e-03 -3.04533108e-03  6.73099623e-03\n",
      "  -1.76870914e-05  2.42212474e-03 -2.03288738e-03  3.97070331e-04\n",
      "   2.48497935e-03 -5.67867875e-03 -1.88615496e-03  2.85354008e-04]\n",
      " [-1.23983839e-03  7.88568451e-04 -6.79954825e-04  1.92587142e-03\n",
      "   5.61952037e-04  2.87643033e-03 -3.21504917e-03  3.23189944e-03\n",
      "   2.03882380e-03  7.84461886e-02 -2.56029144e-03  5.85366786e-04\n",
      "  -5.46056744e-03 -1.02979203e-03 -6.11915361e-04  2.92669203e-03\n",
      "  -2.15136037e-03  6.45950388e-03  6.73275151e-03  1.36464062e-04]\n",
      " [ 8.06453007e-04  4.71772186e-03 -5.29308352e-03 -5.18318611e-03\n",
      "   2.64047898e-03  6.72389377e-04  5.06372772e-03 -2.39945803e-03\n",
      "  -3.04533108e-03 -2.56029144e-03  7.82115656e-02 -3.25805695e-03\n",
      "  -1.68061871e-04 -4.71448529e-03  4.57180907e-03  2.64323050e-03\n",
      "   4.70926629e-03 -3.61567108e-03 -3.79950618e-03  1.84814788e-03]\n",
      " [ 3.09771181e-03 -5.79160638e-04  1.37446162e-03 -6.01887657e-04\n",
      "  -3.79149258e-03 -6.15131285e-03  2.98580046e-03  8.39977000e-03\n",
      "   6.73099623e-03  5.85366786e-04 -3.25805695e-03  8.25384043e-02\n",
      "   3.50660007e-03 -4.41438351e-03 -1.99707670e-04 -2.14544264e-03\n",
      "   7.33619268e-04 -1.74433947e-03 -2.02379363e-03 -7.84637086e-05]\n",
      " [ 3.36006417e-03 -2.58784553e-03 -3.01608288e-03  2.86917621e-04\n",
      "   6.39935338e-03 -2.62281120e-03 -1.44340036e-03  4.28681733e-03\n",
      "  -1.76870914e-05 -5.46056744e-03 -1.68061871e-04  3.50660007e-03\n",
      "   8.46091652e-02  2.34357114e-04  8.60683539e-05  3.37669409e-03\n",
      "  -5.68388608e-03 -1.43668609e-03 -1.03867209e-03 -1.68922899e-03]\n",
      " [ 3.95093180e-03 -1.98458462e-03  9.30715346e-04  3.46392640e-03\n",
      "   9.64017175e-04  4.45378136e-03 -8.64103767e-03  8.72554395e-03\n",
      "   2.42212474e-03 -1.02979203e-03 -4.71448529e-03 -4.41438351e-03\n",
      "   2.34357114e-04  8.81044969e-02 -4.01615538e-03 -3.43050468e-03\n",
      "  -6.90233681e-03  5.21934427e-03 -3.22280025e-04 -1.16174222e-03]\n",
      " [ 3.47090643e-03 -5.45519055e-03 -1.99017466e-03 -3.09161645e-03\n",
      "   7.83522084e-03 -8.47381039e-04  3.67809670e-03  1.93296656e-03\n",
      "  -2.03288738e-03 -6.11915361e-04  4.57180907e-03 -1.99707670e-04\n",
      "   8.60683539e-05 -4.01615538e-03  8.27425287e-02  7.00617698e-03\n",
      "  -1.03353214e-03  3.93690647e-03  1.49305288e-03 -3.65851802e-03]\n",
      " [-2.80622301e-04  4.20897118e-03 -8.03165379e-03 -5.72092599e-04\n",
      "  -6.66892297e-04 -7.01821046e-04  8.20590475e-03 -2.59393606e-03\n",
      "   3.97070331e-04  2.92669203e-03  2.64323050e-03 -2.14544264e-03\n",
      "   3.37669409e-03 -3.43050468e-03  7.00617698e-03  8.77284045e-02\n",
      "  -7.47120941e-04 -3.97598070e-05 -2.72230754e-04  2.73103051e-04]\n",
      " [-4.37802627e-03 -1.30372250e-03  1.98531253e-03  3.68229461e-03\n",
      "  -6.32116504e-04 -2.40787409e-03  9.17124182e-04  1.14362007e-03\n",
      "   2.48497935e-03 -2.15136037e-03  4.70926629e-03  7.33619268e-04\n",
      "  -5.68388608e-03 -6.90233681e-03 -1.03353214e-03 -7.47120941e-04\n",
      "   8.02556355e-02 -1.96371656e-03  1.22301914e-03  4.62283649e-03]\n",
      " [ 2.59246550e-03  3.84631797e-03  1.84710635e-03 -1.76104406e-03\n",
      "  -4.66484163e-03  7.66630795e-03 -2.89729518e-03 -4.43308885e-03\n",
      "  -5.67867875e-03  6.45950388e-03 -3.61567108e-03 -1.74433947e-03\n",
      "  -1.43668609e-03  5.21934427e-03  3.93690647e-03 -3.97598070e-05\n",
      "  -1.96371656e-03  8.25270073e-02  3.65320827e-03 -3.74762132e-03]\n",
      " [ 1.81899672e-03 -1.02251484e-03  1.55851106e-03  1.99071632e-03\n",
      "  -2.39760317e-03 -9.79882519e-05  1.66623942e-03  7.96695183e-04\n",
      "  -1.88615496e-03  6.73275151e-03 -3.79950618e-03 -2.02379363e-03\n",
      "  -1.03867209e-03 -3.22280025e-04  1.49305288e-03 -2.72230754e-04\n",
      "   1.22301914e-03  3.65320827e-03  8.59473265e-02  1.27050664e-03]\n",
      " [-3.89801485e-03  6.18669405e-03 -5.99506341e-03  5.78231397e-03\n",
      "   1.57833684e-03 -4.37268680e-03 -1.06218567e-03  2.24284022e-03\n",
      "   2.85354008e-04  1.36464062e-04  1.84814788e-03 -7.84637086e-05\n",
      "  -1.68922899e-03 -1.16174222e-03 -3.65851802e-03  2.73103051e-04\n",
      "   4.62283649e-03 -3.74762132e-03  1.27050664e-03  8.77468076e-02]]\n",
      "\n",
      "\n",
      "[0.0536147  0.06401581 0.06674398 0.07072105 0.0715549  0.07307789\n",
      " 0.07421197 0.07568226 0.07896745 0.08119289 0.08140386 0.08437144\n",
      " 0.08629973 0.08751236 0.09086863 0.09710211 0.09996619 0.10756082\n",
      " 0.11173565 0.11773142]\n"
     ]
    }
   ],
   "source": [
    "rl=np.random.rand(500,20)\n",
    "print(f\"{rl}\\n\\n\")\n",
    "rl_center=rl-rl.mean(axis=0)\n",
    "print(f\"{rl_center}\\n\\n\")\n",
    "rl_cov=np.cov(rl_center,rowvar=False)\n",
    "print(rl_cov)\n",
    "vals,vecs=np.linalg.eig(rl_cov)\n",
    "vals.sort()\n",
    "print(f\"\\n\\n{vals}\")"
   ]
  }
 ],
 "metadata": {
  "kernelspec": {
   "display_name": "Python 3",
   "language": "python",
   "name": "python3"
  },
  "language_info": {
   "codemirror_mode": {
    "name": "ipython",
    "version": 3
   },
   "file_extension": ".py",
   "mimetype": "text/x-python",
   "name": "python",
   "nbconvert_exporter": "python",
   "pygments_lexer": "ipython3",
   "version": "3.11.9"
  }
 },
 "nbformat": 4,
 "nbformat_minor": 5
}
